1000.0 300 0.0  3.000000 300 0.0   0.761914   0.662322
  9.300000 300 0.0    2.12241    1.84499
 16.230000 300 0.0    2.60824    2.26731
 23.853000 300 0.0    2.92312    2.54103
 32.238300 300 0.0    3.16236      2.749
 41.462130 300 0.0    3.35887    2.91982
 51.608343 300 0.0    3.52797    3.06682
 62.769177 300 0.0    3.67808     3.1973
 75.046095 300 0.0    3.81427     3.3157
 88.550705 300 0.0     3.9399     3.4249
103.405775 300 0.0    4.05724    3.52691
119.901977 300 0.0    4.16893      3.624
138.552023 300 0.0    4.27778    3.71862
160.011776 300 0.0      4.386    3.81269
185.135584 300 0.0    4.49542    3.90781
215.053660 300 0.0    4.60764    4.00536
250.955351 300 0.0    4.72315    4.10577
294.037380 300 0.0    4.84156     4.2087
345.735815 300 0.0    4.96248    4.31382
407.773937 300 0.0     5.0856    4.42084
482.219683 300 0.0     5.2106     4.5295
571.554579 300 0.0    5.33721    4.63956
678.756453 300 0.0     5.4652    4.75082
807.398703 300 0.0    5.59436     4.8631
961.769402 300 0.0    5.72451    4.97624
1147.014242 300 0.0     5.8555    5.09011
1369.308049 300 0.0     5.9872     5.2046
1636.060618 300 0.0     6.1195     5.3196
