  3.000000   0.761914   0.662322 0.0
  9.300000    2.12241    1.84499 0.0
 16.230000    2.60824    2.26731 0.0
 23.853000    2.92312    2.54103 0.0
 32.238300    3.16236      2.749 0.0
 41.462130    3.35887    2.91982 0.0
 51.608343    3.52797    3.06682 0.0
 62.769177    3.67808     3.1973 0.0
 75.046095    3.81427     3.3157 0.0
 88.550705     3.9399     3.4249 0.0
103.405775    4.05724    3.52691 0.0
119.901977    4.16893      3.624 0.0
138.552023    4.27778    3.71862 0.0
160.011776      4.386    3.81269 0.0
185.135584    4.49542    3.90781 0.0
215.053660    4.60764    4.00536 0.0
250.955351    4.72315    4.10577 0.0
294.037380    4.84156     4.2087 0.0
345.735815    4.96248    4.31382 0.0
407.773937     5.0856    4.42084 0.0
482.219683     5.2106     4.5295 0.0
571.554579    5.33721    4.63956 0.0
678.756453     5.4652    4.75082 0.0
807.398703    5.59436     4.8631 0.0
961.769402    5.72451    4.97624 0.0
1147.014242     5.8555    5.09011 0.0
1369.308049     5.9872     5.2046 0.0
1636.060618     6.1195     5.3196 0.0
